[dataset]
mean: [326.36980281,  522.44458941,  396.84865371,  890.40686407,1949.48603024, 2245.97017459, 2395.41480535, 2470.45054164, 1552.13272559, 813.44523618]
std: [125.49634274, 137.4235841, 180.19502182, 262.95060759, 533.16476204, 620.4284777, 674.70191704, 686.02384523, 553.74006197, 319.87720644]

[training]
warmup_lr_init: 1e-5
warmup_epochs: 10
step_size: 50
gamma: 0.8
min_lr: 1e-5
opt_lr: 1e-3
epoch_t: 400

[meta]
name: Matching_Sinkhorn_clean_v3
encoder_name: resnet50
description: Train the model with data matching Sinkhorn loss 0.0, 0.0, 0.0, 0.02, 0.05, 0.1

